
INDIA_VS_WORLD <-c(
  2.673501056
, 2.722713884
, 2.72444943
, 2.906650364
, 3.094664099
, 2.995009533
, 2.125962054
, 2.184135771
, 2.143672058
, 2.143110335
, 2.08292832
, 2.034728999
, 1.872210659
, 1.838544371
, 1.855299394
, 1.648514993
, 1.580522384
, 1.652657802
, 1.586702857
, 1.521828063
, 1.646424873
, 1.666224626
, 1.743956539
, 1.853868785
, 1.735953872
, 1.808988215
, 1.636213423
, 1.611597146
, 1.529752045
, 1.45464238
, 1.402571781
, 1.11461391
, 1.119992568
, 1.066666111
, 1.164027425
, 1.152623986
, 1.229913135
, 1.30661443
, 1.327583742
, 1.393518474
, 1.377767112
, 1.436782315
, 1.467880994
, 1.542660344
, 1.598530866
, 1.707060104
, 1.793753065
, 2.078287852
, 1.872568082
, 2.203372657
, 2.513600104
, 2.489086793
, 2.443291398
, 2.413689412
, 2.580690235
, 2.834195481
, 2.996315025)

US_VS_WORLD <-c(
  39.75575061
, 39.62130059
, 39.62983645
, 38.85186888
, 38.08433026
, 37.90627114
, 38.28772722
, 38.04761589
, 38.57415289
, 37.90222864
, 36.38572027
, 35.75626607
, 34.05215782
, 31.12847397
, 29.26257137
, 28.65620812
, 29.28127215
, 28.75996298
, 27.60176818
, 26.53625133
, 25.63589481
, 28.02465354
, 29.45660626
, 31.31926844
, 33.50937956
, 34.27566588
, 30.57205463
, 28.508907
, 27.45838437
, 28.17565406
, 26.48207545
, 25.82219627
, 25.75561346
, 26.62585078
, 26.34664097
, 24.85056594
, 25.69944266
, 27.41275513
, 29.02510354
, 29.73770282
, 30.66131862
, 31.86294037
, 31.71554589
, 29.61518404
, 28.04368141
, 27.63227532
, 27.00597106
, 25.05070197
, 23.22042448
, 23.99644105
, 22.7055773
, 21.18727747
, 21.59727398
, 21.69852849
, 22.05284234
, 24.20710769
, 24.5806582)

CHINA_VS_WORLD <- c(
4.36972758
, 3.520891623
, 3.091884278
, 3.084957628
, 3.315765927
, 3.590125323
, 3.604227462
, 3.218025199
, 2.899570371
, 2.962085972
, 3.131774325
, 3.055832597
, 3.018683496
, 3.018917909
, 2.724090822
, 2.772967483
, 2.400726234
, 2.411951789
, 1.751522176
, 1.797376553
, 1.711892658
, 1.709475617
, 1.806074395
, 1.985882126
, 2.155730104
, 2.440419003
, 2.003164039
, 1.597909201
, 1.632845896
, 1.731901767
, 1.59815035
, 1.603410968
, 1.681443773
, 1.721445578
, 2.03428281
, 2.381757653
, 2.740401145
, 3.062107573
, 3.286118154
, 3.367585191
, 3.611305385
, 4.017867086
, 4.248620134
, 4.271664566
, 4.467247523
, 4.824175934
, 5.364073349
, 6.14635405
, 7.254250557
, 8.504260378
, 9.256526576
, 10.33912717
, 11.44423137
, 12.48913619
, 13.29067517
, 14.84996171
, 14.82475506)

EU_VS_WORLD <- c(
26.26526021
, 27.48728919
, 27.95951399
, 28.61246647
, 28.94351818
, 28.92999878
, 28.90530368
, 29.19325435
, 28.12592879
, 28.05026675
, 28.92348794
, 29.62168465
, 30.75623198
, 32.04751739
, 31.22895436
, 32.69524322
, 31.1237456
, 31.16023345
, 32.44046678
, 34.10196477
, 34.57769097
, 29.81667412
, 28.95394664
, 27.4353259
, 25.37634433
, 24.93769365
, 28.8837433
, 31.4105863
, 31.2892399
, 30.43568953
, 33.56339362
, 32.89504051
, 33.75560922
, 30.249271
, 29.91424011
, 31.16185118
, 31.17064831
, 29.52988611
, 30.623956
, 29.47961406
, 26.53082703
, 26.9999925
, 28.34558244
, 30.73460908
, 31.51775287
, 30.44507978
, 29.99357898
, 30.76705258
, 30.16074374
, 28.42691826
, 25.76065452
, 25.04110926
, 23.08982322
, 23.4030397
, 23.5681643
, 21.92310503
, 21.70665983)

JAPAN_VS_WORLD <-c(
3.242171317
, 3.763680148
, 3.976934886
, 4.228205925
, 4.539743595
, 4.635721269
, 4.962280668
, 5.465481528
, 6.000012935
, 6.39957147
, 7.153276864
, 7.315401793
, 8.401017199
, 9.366708739
, 9.015095479
, 8.803503892
, 9.094208477
, 9.895208107
, 11.81097286
, 10.58144597
, 9.848580859
, 10.60874417
, 9.950059087
, 10.60875564
, 10.86164564
, 11.04517385
, 13.82046145
, 14.71792442
, 15.94736367
, 15.200717
, 13.90614641
, 14.96514016
, 15.35193692
, 17.28899221
, 17.68892307
, 17.66865396
, 15.33588096
, 14.05817268
, 12.87730773
, 14.04316577
, 14.57083303
, 12.90960706
, 11.88913621
, 11.43799466
, 11.00083849
, 10.03555564
, 8.829981609
, 7.812777823
, 7.947937718
, 8.706348451
, 8.648810547
, 8.407038734
, 8.292812049
, 6.702295151
, 6.147744515
, 5.882556446
, 6.538459462)

require(ggplot2)
require(reshape2)
df <- data.frame(YEAR = 1960:2016, 
                 INDIA=INDIA_VS_WORLD,
                 US=US_VS_WORLD,
                 EU=EU_VS_WORLD,
                 CHINA=CHINA_VS_WORLD,
                 JAPAN=JAPAN_VS_WORLD)
#df<- tail(df,25)

df <- melt(df ,  id.vars = 'YEAR', variable.name = 'series')

ggplot(df, aes(YEAR,value)) + geom_line(aes(colour = series))

